((("tam" .
   [2 0 0])
  ("stdio" .
   [1 0 0 0 0])
  ("printf" .
   [1 0 0 0 0 0])
  ("gr_mem" .
   [2 0 1 0 0 1])
  ("argv" .
   [2 0 0 0])
  ("arg" .
   [1 0 0])
  ("argc" .
   [1 0 0 0])
  ("a" .
   [2])
  ("desc_usuario" .
   [0 0 0 2 2 0 0 0 0 0 0 0])
  ("passwd" .
   [0 0 0 0 0 1])
  ("algoritmia" .
   [2 0 0 1 0 0 0 0 0 0])
  ("mundo" .
   [0 0 1 0 2])
  ("hola" .
   [2 0 0 0])
  ("algo" .
   [9 0 1 1])
  ("System" .
   [2 0 0 1 0 0])
  ("out" .
   [2 0 1])
  ("println" .
   [0 0 0 1 0 0 0])
  ("public" .
   [0 0 0 0 0 1])
  ("int" .
   [0 0 1])
  ("string" .
   [0 0 1 0 0 0])
  ("java" .
   [1 0 0 0])
  ("utils" .
   [0 0 0 0 1])
  ("setq" .
   [2 0 0 0])))
